Dynamical matrix file
Electron-phonon coefficients for Nb6Sn2                                    
  2    8   1   9.8290101   0.0000000   0.0000000   0.0000000   0.0000000   0.0000000
           1  'Nb  '    84678.9851990652     
           2  'Sn  '    108197.546099429     
    1    1      0.0000000000      0.2500000000      0.5000000000
    2    1      0.0000000000      0.7500000000      0.5000000000
    3    1      0.2500000000      0.5000000000      0.0000000000
    4    1      0.7500000000      0.5000000000      0.0000000000
    5    1      0.5000000000      0.0000000000      0.7500000000
    6    1      0.5000000000      0.0000000000      0.2500000000
    7    2      0.5000000000      0.5000000000      0.5000000000
    8    2      0.0000000000      0.0000000000      0.0000000000

     Dynamical  Matrix in cartesian axes

     q = (    0.125000000   0.125000000   0.125000000 ) 

    1    1
  0.14947302   0.00000000    -0.00168489  -0.03498059    -0.05379638  -0.01679329
 -0.00168489   0.03498059     0.00221008   0.00000000    -0.00168489  -0.03498059
 -0.05379638   0.01679329    -0.00168489   0.03498059     0.14947302   0.00000000
    1    2
  0.03367181   0.00150426     0.02828528   0.04389216    -0.04812873   0.01993557
  0.02828528   0.04389216     0.12013141  -0.04976006    -0.01103573  -0.05103716
 -0.04812873   0.01993557    -0.01103573  -0.05103716     0.02274590  -0.02487324
    1    3
  0.00485495   0.06788222    -0.07197043   0.05683340     0.03600533   0.04335062
  0.05444080  -0.00452400     0.00485495   0.06788222     0.02183827   0.07495605
  0.02183827   0.07495605     0.03600533   0.04335062     0.04363267   0.03720308
    1    4
 -0.06194783  -0.05680714    -0.05715795   0.02367560     0.02156195  -0.05439178
 -0.03865129   0.01600989    -0.00363502   0.08397244     0.00877659   0.04905970
 -0.02848445  -0.04089643     0.05370740   0.02321419    -0.02031738   0.00841573
    1    5
 -0.02031738   0.00841573     0.02156195  -0.05439178     0.00877659   0.04905970
 -0.02848445  -0.04089643    -0.06194783  -0.05680714    -0.03865129   0.01600989
  0.05370740   0.02321419    -0.05715795   0.02367560    -0.00363502   0.08397244
    1    6
  0.04363267  -0.03720308     0.03600533  -0.04335062     0.02183827  -0.07495605
  0.02183827  -0.07495605     0.00485495  -0.06788222     0.05444080   0.00452400
  0.03600533  -0.04335062    -0.07197043  -0.05683340     0.00485495  -0.06788222
    1    7
 -0.08419294   0.01464346    -0.03212207   0.01330352    -0.00230782  -0.00523853
 -0.00817862  -0.01447172     0.02909715   0.06228335    -0.01123454  -0.03719966
  0.02610826  -0.01947553     0.02521133   0.01406675    -0.02977310  -0.00381384
    1    8
 -0.02977310   0.00381384     0.02521133  -0.01406675     0.02610826   0.01947553
 -0.01123454   0.03719966     0.02909715  -0.06228335    -0.00817862   0.01447172
 -0.00230782   0.00523853    -0.03212207  -0.01330352    -0.08419294  -0.01464346
    2    1
  0.03367181  -0.00150426     0.02828528  -0.04389216    -0.04812873  -0.01993557
  0.02828528  -0.04389216     0.12013141   0.04976006    -0.01103573   0.05103716
 -0.04812873  -0.01993557    -0.01103573   0.05103716     0.02274590   0.02487324
    2    2
  0.14947302   0.00000000    -0.00168489   0.03498059    -0.05379638   0.01679329
 -0.00168489  -0.03498059     0.00221008   0.00000000    -0.00168489   0.03498059
 -0.05379638  -0.01679329    -0.00168489  -0.03498059     0.14947302   0.00000000
    2    3
 -0.06194783   0.05680714    -0.05715795  -0.02367560     0.02156195   0.05439178
 -0.03865129  -0.01600989    -0.00363502  -0.08397244     0.00877659  -0.04905970
 -0.02848445   0.04089643     0.05370740  -0.02321419    -0.02031738  -0.00841573
    2    4
  0.00485495  -0.06788222    -0.07197043  -0.05683340     0.03600533  -0.04335062
  0.05444080   0.00452400     0.00485495  -0.06788222     0.02183827  -0.07495605
  0.02183827  -0.07495605     0.03600533  -0.04335062     0.04363267  -0.03720308
    2    5
  0.04363267   0.03720308     0.03600533   0.04335062     0.02183827   0.07495605
  0.02183827   0.07495605     0.00485495   0.06788222     0.05444080  -0.00452400
  0.03600533   0.04335062    -0.07197043   0.05683340     0.00485495   0.06788222
    2    6
 -0.02031738  -0.00841573     0.02156195   0.05439178     0.00877659  -0.04905970
 -0.02848445   0.04089643    -0.06194783   0.05680714    -0.03865129  -0.01600989
  0.05370740  -0.02321419    -0.05715795  -0.02367560    -0.00363502  -0.08397244
    2    7
 -0.06988789   0.04917890    -0.03212075   0.01330672     0.00207233   0.00533608
  0.00444989   0.01601621    -0.02346619  -0.06461577     0.01836011   0.03424815
  0.03223261  -0.00469005     0.00788041  -0.02777379    -0.01835596   0.02374955
    2    8
  0.00381384  -0.02977310    -0.01406675   0.02521133     0.01947553   0.02610826
  0.03719966  -0.01123454    -0.06228335   0.02909715     0.01447172  -0.00817862
  0.00523853  -0.00230782    -0.01330352  -0.03212207    -0.01464346  -0.08419294
    3    1
  0.00485495  -0.06788222     0.05444080   0.00452400     0.02183827  -0.07495605
 -0.07197043  -0.05683340     0.00485495  -0.06788222     0.03600533  -0.04335062
  0.03600533  -0.04335062     0.02183827  -0.07495605     0.04363267  -0.03720308
    3    2
 -0.06194783  -0.05680714    -0.03865129   0.01600989    -0.02848445  -0.04089643
 -0.05715795   0.02367560    -0.00363502   0.08397244     0.05370740   0.02321419
  0.02156195  -0.05439178     0.00877659   0.04905970    -0.02031738   0.00841573
    3    3
  0.00221008   0.00000000    -0.00168489  -0.03498059    -0.00168489   0.03498059
 -0.00168489   0.03498059     0.14947302   0.00000000    -0.05379638   0.01679329
 -0.00168489  -0.03498059    -0.05379638  -0.01679329     0.14947302   0.00000000
    3    4
  0.12013141  -0.04976006    -0.01103573  -0.05103716     0.02828528   0.04389216
 -0.01103573  -0.05103716     0.02274590  -0.02487324    -0.04812873   0.01993557
  0.02828528   0.04389216    -0.04812873   0.01993557     0.03367181   0.00150426
    3    5
 -0.00363502   0.08397244     0.00877659   0.04905970    -0.03865129   0.01600989
  0.05370740   0.02321419    -0.02031738   0.00841573    -0.02848445  -0.04089643
 -0.05715795   0.02367560     0.02156195  -0.05439178    -0.06194783  -0.05680714
    3    6
  0.00485495   0.06788222     0.02183827   0.07495605     0.05444080  -0.00452400
  0.03600533   0.04335062     0.04363267   0.03720308     0.02183827   0.07495605
 -0.07197043   0.05683340     0.03600533   0.04335062     0.00485495   0.06788222
    3    7
  0.02909715   0.06228335    -0.01123454  -0.03719966    -0.00817862  -0.01447172
  0.02521133   0.01406675    -0.02977310  -0.00381384     0.02610826  -0.01947553
 -0.03212207   0.01330352    -0.00230782  -0.00523853    -0.08419294   0.01464346
    3    8
  0.02909715  -0.06228335    -0.00817862   0.01447172    -0.01123454   0.03719966
 -0.03212207  -0.01330352    -0.08419294  -0.01464346    -0.00230782   0.00523853
  0.02521133  -0.01406675     0.02610826   0.01947553    -0.02977310   0.00381384
    4    1
 -0.06194783   0.05680714    -0.03865129  -0.01600989    -0.02848445   0.04089643
 -0.05715795  -0.02367560    -0.00363502  -0.08397244     0.05370740  -0.02321419
  0.02156195   0.05439178     0.00877659  -0.04905970    -0.02031738  -0.00841573
    4    2
  0.00485495   0.06788222     0.05444080  -0.00452400     0.02183827   0.07495605
 -0.07197043   0.05683340     0.00485495   0.06788222     0.03600533   0.04335062
  0.03600533   0.04335062     0.02183827   0.07495605     0.04363267   0.03720308
    4    3
  0.12013141   0.04976006    -0.01103573   0.05103716     0.02828528  -0.04389216
 -0.01103573   0.05103716     0.02274590   0.02487324    -0.04812873  -0.01993557
  0.02828528  -0.04389216    -0.04812873  -0.01993557     0.03367181  -0.00150426
    4    4
  0.00221008   0.00000000    -0.00168489   0.03498059    -0.00168489  -0.03498059
 -0.00168489  -0.03498059     0.14947302   0.00000000    -0.05379638  -0.01679329
 -0.00168489   0.03498059    -0.05379638   0.01679329     0.14947302   0.00000000
    4    5
  0.00485495  -0.06788222     0.02183827  -0.07495605     0.05444080   0.00452400
  0.03600533  -0.04335062     0.04363267  -0.03720308     0.02183827  -0.07495605
 -0.07197043  -0.05683340     0.03600533  -0.04335062     0.00485495  -0.06788222
    4    6
 -0.00363502  -0.08397244     0.00877659  -0.04905970    -0.03865129  -0.01600989
  0.05370740  -0.02321419    -0.02031738  -0.00841573    -0.02848445   0.04089643
 -0.05715795  -0.02367560     0.02156195   0.05439178    -0.06194783   0.05680714
    4    7
 -0.02346619  -0.06461577     0.01836011   0.03424815     0.00444989   0.01601621
  0.00788041  -0.02777379    -0.01835596   0.02374955     0.03223261  -0.00469005
 -0.03212075   0.01330672     0.00207233   0.00533608    -0.06988789   0.04917890
    4    8
 -0.06228335   0.02909715     0.01447172  -0.00817862     0.03719966  -0.01123454
 -0.01330352  -0.03212207    -0.01464346  -0.08419294     0.00523853  -0.00230782
 -0.01406675   0.02521133     0.01947553   0.02610826     0.00381384  -0.02977310
    5    1
 -0.02031738  -0.00841573    -0.02848445   0.04089643     0.05370740  -0.02321419
  0.02156195   0.05439178    -0.06194783   0.05680714    -0.05715795  -0.02367560
  0.00877659  -0.04905970    -0.03865129  -0.01600989    -0.00363502  -0.08397244
    5    2
  0.04363267  -0.03720308     0.02183827  -0.07495605     0.03600533  -0.04335062
  0.03600533  -0.04335062     0.00485495  -0.06788222    -0.07197043  -0.05683340
  0.02183827  -0.07495605     0.05444080   0.00452400     0.00485495  -0.06788222
    5    3
 -0.00363502  -0.08397244     0.05370740  -0.02321419    -0.05715795  -0.02367560
  0.00877659  -0.04905970    -0.02031738  -0.00841573     0.02156195   0.05439178
 -0.03865129  -0.01600989    -0.02848445   0.04089643    -0.06194783   0.05680714
    5    4
  0.00485495   0.06788222     0.03600533   0.04335062    -0.07197043   0.05683340
  0.02183827   0.07495605     0.04363267   0.03720308     0.03600533   0.04335062
  0.05444080  -0.00452400     0.02183827   0.07495605     0.00485495   0.06788222
    5    5
  0.14947302   0.00000000    -0.05379638  -0.01679329    -0.00168489  -0.03498059
 -0.05379638   0.01679329     0.14947302   0.00000000    -0.00168489   0.03498059
 -0.00168489   0.03498059    -0.00168489  -0.03498059     0.00221008   0.00000000
    5    6
  0.02274590   0.02487324    -0.04812873  -0.01993557    -0.01103573   0.05103716
 -0.04812873  -0.01993557     0.03367181  -0.00150426     0.02828528  -0.04389216
 -0.01103573   0.05103716     0.02828528  -0.04389216     0.12013141   0.04976006
    5    7
 -0.01835596   0.02374955     0.03223261  -0.00469005     0.00788041  -0.02777379
  0.00207233   0.00533608    -0.06988789   0.04917890    -0.03212075   0.01330672
  0.01836011   0.03424815     0.00444989   0.01601621    -0.02346619  -0.06461577
    5    8
 -0.01464346  -0.08419294     0.00523853  -0.00230782    -0.01330352  -0.03212207
  0.01947553   0.02610826     0.00381384  -0.02977310    -0.01406675   0.02521133
  0.01447172  -0.00817862     0.03719966  -0.01123454    -0.06228335   0.02909715
    6    1
  0.04363267   0.03720308     0.02183827   0.07495605     0.03600533   0.04335062
  0.03600533   0.04335062     0.00485495   0.06788222    -0.07197043   0.05683340
  0.02183827   0.07495605     0.05444080  -0.00452400     0.00485495   0.06788222
    6    2
 -0.02031738   0.00841573    -0.02848445  -0.04089643     0.05370740   0.02321419
  0.02156195  -0.05439178    -0.06194783  -0.05680714    -0.05715795   0.02367560
  0.00877659   0.04905970    -0.03865129   0.01600989    -0.00363502   0.08397244
    6    3
  0.00485495  -0.06788222     0.03600533  -0.04335062    -0.07197043  -0.05683340
  0.02183827  -0.07495605     0.04363267  -0.03720308     0.03600533  -0.04335062
  0.05444080   0.00452400     0.02183827  -0.07495605     0.00485495  -0.06788222
    6    4
 -0.00363502   0.08397244     0.05370740   0.02321419    -0.05715795   0.02367560
  0.00877659   0.04905970    -0.02031738   0.00841573     0.02156195  -0.05439178
 -0.03865129   0.01600989    -0.02848445  -0.04089643    -0.06194783  -0.05680714
    6    5
  0.02274590  -0.02487324    -0.04812873   0.01993557    -0.01103573  -0.05103716
 -0.04812873   0.01993557     0.03367181   0.00150426     0.02828528   0.04389216
 -0.01103573  -0.05103716     0.02828528   0.04389216     0.12013141  -0.04976006
    6    6
  0.14947302   0.00000000    -0.05379638   0.01679329    -0.00168489   0.03498059
 -0.05379638  -0.01679329     0.14947302   0.00000000    -0.00168489  -0.03498059
 -0.00168489  -0.03498059    -0.00168489   0.03498059     0.00221008   0.00000000
    6    7
 -0.02977310  -0.00381384     0.02610826  -0.01947553     0.02521133   0.01406675
 -0.00230782  -0.00523853    -0.08419294   0.01464346    -0.03212207   0.01330352
 -0.01123454  -0.03719966    -0.00817862  -0.01447172     0.02909715   0.06228335
    6    8
 -0.08419294  -0.01464346    -0.00230782   0.00523853    -0.03212207  -0.01330352
  0.02610826   0.01947553    -0.02977310   0.00381384     0.02521133  -0.01406675
 -0.00817862   0.01447172    -0.01123454   0.03719966     0.02909715  -0.06228335
    7    1
 -0.08419294  -0.01464346    -0.00817862   0.01447172     0.02610826   0.01947553
 -0.03212207  -0.01330352     0.02909715  -0.06228335     0.02521133  -0.01406675
 -0.00230782   0.00523853    -0.01123454   0.03719966    -0.02977310   0.00381384
    7    2
 -0.06988789  -0.04917890     0.00444989  -0.01601621     0.03223261   0.00469005
 -0.03212075  -0.01330672    -0.02346619   0.06461577     0.00788041   0.02777379
  0.00207233  -0.00533608     0.01836011  -0.03424815    -0.01835596  -0.02374955
    7    3
  0.02909715  -0.06228335     0.02521133  -0.01406675    -0.03212207  -0.01330352
 -0.01123454   0.03719966    -0.02977310   0.00381384    -0.00230782   0.00523853
 -0.00817862   0.01447172     0.02610826   0.01947553    -0.08419294  -0.01464346
    7    4
 -0.02346619   0.06461577     0.00788041   0.02777379    -0.03212075  -0.01330672
  0.01836011  -0.03424815    -0.01835596  -0.02374955     0.00207233  -0.00533608
  0.00444989  -0.01601621     0.03223261   0.00469005    -0.06988789  -0.04917890
    7    5
 -0.01835596  -0.02374955     0.00207233  -0.00533608     0.01836011  -0.03424815
  0.03223261   0.00469005    -0.06988789  -0.04917890     0.00444989  -0.01601621
  0.00788041   0.02777379    -0.03212075  -0.01330672    -0.02346619   0.06461577
    7    6
 -0.02977310   0.00381384    -0.00230782   0.00523853    -0.01123454   0.03719966
  0.02610826   0.01947553    -0.08419294  -0.01464346    -0.00817862   0.01447172
  0.02521133  -0.01406675    -0.03212207  -0.01330352     0.02909715  -0.06228335
    7    7
  0.21277203   0.00000000    -0.00435125   0.00000000    -0.00435125   0.00000000
 -0.00435125   0.00000000     0.21277203   0.00000000    -0.00435125   0.00000000
 -0.00435125   0.00000000    -0.00435125   0.00000000     0.21277203   0.00000000
    7    8
  0.00107124   0.00258620     0.00716064   0.01728731    -0.01284656  -0.03101433
 -0.01284656  -0.03101433     0.00107124   0.00258620     0.00716064   0.01728731
  0.00716064   0.01728731    -0.01284656  -0.03101433     0.00107124   0.00258620
    8    1
 -0.02977310  -0.00381384    -0.01123454  -0.03719966    -0.00230782  -0.00523853
  0.02521133   0.01406675     0.02909715   0.06228335    -0.03212207   0.01330352
  0.02610826  -0.01947553    -0.00817862  -0.01447172    -0.08419294   0.01464346
    8    2
  0.00381384   0.02977310     0.03719966   0.01123454     0.00523853   0.00230782
 -0.01406675  -0.02521133    -0.06228335  -0.02909715    -0.01330352   0.03212207
  0.01947553  -0.02610826     0.01447172   0.00817862    -0.01464346   0.08419294
    8    3
  0.02909715   0.06228335    -0.03212207   0.01330352     0.02521133   0.01406675
 -0.00817862  -0.01447172    -0.08419294   0.01464346     0.02610826  -0.01947553
 -0.01123454  -0.03719966    -0.00230782  -0.00523853    -0.02977310  -0.00381384
    8    4
 -0.06228335  -0.02909715    -0.01330352   0.03212207    -0.01406675  -0.02521133
  0.01447172   0.00817862    -0.01464346   0.08419294     0.01947553  -0.02610826
  0.03719966   0.01123454     0.00523853   0.00230782     0.00381384   0.02977310
    8    5
 -0.01464346   0.08419294     0.01947553  -0.02610826     0.01447172   0.00817862
  0.00523853   0.00230782     0.00381384   0.02977310     0.03719966   0.01123454
 -0.01330352   0.03212207    -0.01406675  -0.02521133    -0.06228335  -0.02909715
    8    6
 -0.08419294   0.01464346     0.02610826  -0.01947553    -0.00817862  -0.01447172
 -0.00230782  -0.00523853    -0.02977310  -0.00381384    -0.01123454  -0.03719966
 -0.03212207   0.01330352     0.02521133   0.01406675     0.02909715   0.06228335
    8    7
  0.00107124  -0.00258620    -0.01284656   0.03101433     0.00716064  -0.01728731
  0.00716064  -0.01728731     0.00107124  -0.00258620    -0.01284656   0.03101433
 -0.01284656   0.03101433     0.00716064  -0.01728731     0.00107124  -0.00258620
    8    8
  0.21277203   0.00000000    -0.00435125   0.00000000    -0.00435125   0.00000000
 -0.00435125   0.00000000     0.21277203   0.00000000    -0.00435125   0.00000000
 -0.00435125   0.00000000    -0.00435125   0.00000000     0.21277203   0.00000000

     Dynamical  Matrix in cartesian axes

     q = (    0.125000000  -0.125000000   0.125000000 ) 

    1    1
  0.14947302   0.00000000     0.00168489  -0.03498059    -0.05379638   0.01679329
  0.00168489   0.03498059     0.00221008   0.00000000     0.00168489  -0.03498059
 -0.05379638  -0.01679329     0.00168489   0.03498059     0.14947302   0.00000000
    1    2
  0.03367181  -0.00150426    -0.02828528   0.04389216    -0.04812873  -0.01993557
 -0.02828528   0.04389216     0.12013141   0.04976006     0.01103573  -0.05103716
 -0.04812873  -0.01993557     0.01103573  -0.05103716     0.02274590   0.02487324
    1    3
 -0.06194783   0.05680714     0.05715795   0.02367560     0.02156195   0.05439178
  0.03865129   0.01600989    -0.00363502  -0.08397244    -0.00877659   0.04905970
 -0.02848445   0.04089643    -0.05370740   0.02321419    -0.02031738  -0.00841573
    1    4
  0.00485495  -0.06788222     0.07197043   0.05683340     0.03600533  -0.04335062
 -0.05444080  -0.00452400     0.00485495  -0.06788222    -0.02183827   0.07495605
  0.02183827  -0.07495605    -0.03600533   0.04335062     0.04363267  -0.03720308
    1    5
  0.05715951  -0.00454640    -0.05611313  -0.00519390     0.06844392   0.03755995
 -0.06844392  -0.03755995     0.05143295   0.04456701    -0.03529651   0.04169441
  0.05611313   0.00519390     0.01070350  -0.09107806     0.05143295   0.04456701
    1    6
 -0.02031738   0.00841573    -0.05370740  -0.02321419    -0.02848445  -0.04089643
 -0.00877659  -0.04905970    -0.00363502   0.08397244     0.03865129  -0.01600989
  0.02156195  -0.05439178     0.05715795  -0.02367560    -0.06194783  -0.05680714
    1    7
 -0.06988789   0.04917890     0.03212075  -0.01330672     0.00207233   0.00533608
 -0.00444989  -0.01601621    -0.02346619  -0.06461577    -0.01836011  -0.03424815
  0.03223261  -0.00469005    -0.00788041   0.02777379    -0.01835596   0.02374955
    1    8
 -0.01835596  -0.02374955    -0.00788041  -0.02777379     0.03223261   0.00469005
 -0.01836011   0.03424815    -0.02346619   0.06461577    -0.00444989   0.01601621
  0.00207233  -0.00533608     0.03212075   0.01330672    -0.06988789  -0.04917890
    2    1
  0.03367181   0.00150426    -0.02828528  -0.04389216    -0.04812873   0.01993557
 -0.02828528  -0.04389216     0.12013141  -0.04976006     0.01103573   0.05103716
 -0.04812873   0.01993557     0.01103573   0.05103716     0.02274590  -0.02487324
    2    2
  0.14947302   0.00000000     0.00168489   0.03498059    -0.05379638  -0.01679329
  0.00168489  -0.03498059     0.00221008   0.00000000     0.00168489   0.03498059
 -0.05379638   0.01679329     0.00168489  -0.03498059     0.14947302   0.00000000
    2    3
  0.00485495   0.06788222     0.07197043  -0.05683340     0.03600533   0.04335062
 -0.05444080   0.00452400     0.00485495   0.06788222    -0.02183827  -0.07495605
  0.02183827   0.07495605    -0.03600533  -0.04335062     0.04363267   0.03720308
    2    4
 -0.06194783  -0.05680714     0.05715795  -0.02367560     0.02156195  -0.05439178
  0.03865129  -0.01600989    -0.00363502   0.08397244    -0.00877659  -0.04905970
 -0.02848445  -0.04089643    -0.05370740  -0.02321419    -0.02031738   0.00841573
    2    5
 -0.00841573   0.02031738     0.02321419   0.05370740     0.04089643   0.02848445
  0.04905970   0.00877659    -0.08397244   0.00363502     0.01600989  -0.03865129
  0.05439178  -0.02156195     0.02367560  -0.05715795     0.05680714   0.06194783
    2    6
  0.00454640  -0.05715951     0.00519390   0.05611313    -0.03755995  -0.06844392
  0.03755995   0.06844392    -0.04456701  -0.05143295    -0.04169441   0.03529651
 -0.00519390  -0.05611313     0.09107806  -0.01070350    -0.04456701  -0.05143295
    2    7
 -0.08419294   0.01464346     0.03212207  -0.01330352    -0.00230782  -0.00523853
  0.00817862   0.01447172     0.02909715   0.06228335     0.01123454   0.03719966
  0.02610826  -0.01947553    -0.02521133  -0.01406675    -0.02977310  -0.00381384
    2    8
 -0.01835596   0.02374955    -0.00788041   0.02777379     0.03223261  -0.00469005
 -0.01836011  -0.03424815    -0.02346619  -0.06461577    -0.00444989  -0.01601621
  0.00207233   0.00533608     0.03212075  -0.01330672    -0.06988789   0.04917890
    3    1
 -0.06194783  -0.05680714     0.03865129  -0.01600989    -0.02848445  -0.04089643
  0.05715795  -0.02367560    -0.00363502   0.08397244    -0.05370740  -0.02321419
  0.02156195  -0.05439178    -0.00877659  -0.04905970    -0.02031738   0.00841573
    3    2
  0.00485495  -0.06788222    -0.05444080  -0.00452400     0.02183827  -0.07495605
  0.07197043   0.05683340     0.00485495  -0.06788222    -0.03600533   0.04335062
  0.03600533  -0.04335062    -0.02183827   0.07495605     0.04363267  -0.03720308
    3    3
  0.00221008   0.00000000     0.00168489   0.03498059    -0.00168489   0.03498059
  0.00168489  -0.03498059     0.14947302   0.00000000     0.05379638  -0.01679329
 -0.00168489  -0.03498059     0.05379638   0.01679329     0.14947302   0.00000000
    3    4
  0.12013141  -0.04976006     0.01103573   0.05103716     0.02828528   0.04389216
  0.01103573   0.05103716     0.02274590  -0.02487324     0.04812873  -0.01993557
  0.02828528   0.04389216     0.04812873  -0.01993557     0.03367181   0.00150426
    3    5
  0.05680714   0.06194783    -0.04089643  -0.02848445    -0.01600989   0.03865129
 -0.05439178   0.02156195    -0.00841573   0.02031738     0.04905970   0.00877659
 -0.02367560   0.05715795     0.02321419   0.05370740    -0.08397244   0.00363502
    3    6
  0.05143295   0.04456701    -0.06844392  -0.03755995     0.03529651  -0.04169441
 -0.05611313  -0.00519390     0.05715951  -0.00454640    -0.06844392  -0.03755995
 -0.01070350   0.09107806    -0.05611313  -0.00519390     0.05143295   0.04456701
    3    7
  0.02909715   0.06228335     0.01123454   0.03719966    -0.00817862  -0.01447172
 -0.02521133  -0.01406675    -0.02977310  -0.00381384    -0.02610826   0.01947553
 -0.03212207   0.01330352     0.00230782   0.00523853    -0.08419294   0.01464346
    3    8
 -0.02346619  -0.06461577    -0.00444989  -0.01601621     0.01836011   0.03424815
  0.03212075  -0.01330672    -0.06988789   0.04917890    -0.00207233  -0.00533608
  0.00788041  -0.02777379    -0.03223261   0.00469005    -0.01835596   0.02374955
    4    1
  0.00485495   0.06788222    -0.05444080   0.00452400     0.02183827   0.07495605
  0.07197043  -0.05683340     0.00485495   0.06788222    -0.03600533  -0.04335062
  0.03600533   0.04335062    -0.02183827  -0.07495605     0.04363267   0.03720308
    4    2
 -0.06194783   0.05680714     0.03865129   0.01600989    -0.02848445   0.04089643
  0.05715795   0.02367560    -0.00363502  -0.08397244    -0.05370740   0.02321419
  0.02156195   0.05439178    -0.00877659   0.04905970    -0.02031738  -0.00841573
    4    3
  0.12013141   0.04976006     0.01103573  -0.05103716     0.02828528  -0.04389216
  0.01103573  -0.05103716     0.02274590   0.02487324     0.04812873   0.01993557
  0.02828528  -0.04389216     0.04812873   0.01993557     0.03367181  -0.00150426
    4    4
  0.00221008   0.00000000     0.00168489  -0.03498059    -0.00168489  -0.03498059
  0.00168489   0.03498059     0.14947302   0.00000000     0.05379638   0.01679329
 -0.00168489   0.03498059     0.05379638  -0.01679329     0.14947302   0.00000000
    4    5
 -0.04456701  -0.05143295     0.03755995   0.06844392     0.04169441  -0.03529651
  0.00519390   0.05611313     0.00454640  -0.05715951     0.03755995   0.06844392
 -0.09107806   0.01070350     0.00519390   0.05611313    -0.04456701  -0.05143295
    4    6
 -0.06194783  -0.05680714     0.02848445   0.04089643    -0.03865129   0.01600989
 -0.02156195   0.05439178    -0.02031738   0.00841573    -0.00877659  -0.04905970
 -0.05715795   0.02367560    -0.05370740  -0.02321419    -0.00363502   0.08397244
    4    7
 -0.02346619  -0.06461577    -0.01836011  -0.03424815     0.00444989   0.01601621
 -0.00788041   0.02777379    -0.01835596   0.02374955    -0.03223261   0.00469005
 -0.03212075   0.01330672    -0.00207233  -0.00533608    -0.06988789   0.04917890
    4    8
 -0.02346619   0.06461577    -0.00444989   0.01601621     0.01836011  -0.03424815
  0.03212075   0.01330672    -0.06988789  -0.04917890    -0.00207233   0.00533608
  0.00788041   0.02777379    -0.03223261  -0.00469005    -0.01835596  -0.02374955
    5    1
  0.05715951   0.00454640    -0.06844392   0.03755995     0.05611313  -0.00519390
 -0.05611313   0.00519390     0.05143295  -0.04456701     0.01070350   0.09107806
  0.06844392  -0.03755995    -0.03529651  -0.04169441     0.05143295  -0.04456701
    5    2
 -0.00841573  -0.02031738     0.04905970  -0.00877659     0.05439178   0.02156195
  0.02321419  -0.05370740    -0.08397244  -0.00363502     0.02367560   0.05715795
  0.04089643  -0.02848445     0.01600989   0.03865129     0.05680714  -0.06194783
    5    3
  0.05680714  -0.06194783    -0.05439178  -0.02156195    -0.02367560  -0.05715795
 -0.04089643   0.02848445    -0.00841573  -0.02031738     0.02321419  -0.05370740
 -0.01600989  -0.03865129     0.04905970  -0.00877659    -0.08397244  -0.00363502
    5    4
 -0.04456701   0.05143295     0.00519390  -0.05611313    -0.09107806  -0.01070350
  0.03755995  -0.06844392     0.00454640   0.05715951     0.00519390  -0.05611313
  0.04169441   0.03529651     0.03755995  -0.06844392    -0.04456701   0.05143295
    5    5
  0.14947302   0.00000000     0.05379638   0.01679329    -0.00168489  -0.03498059
  0.05379638  -0.01679329     0.14947302   0.00000000     0.00168489  -0.03498059
 -0.00168489   0.03498059     0.00168489   0.03498059     0.00221008   0.00000000
    5    6
  0.02274590   0.02487324     0.04812873   0.01993557    -0.01103573   0.05103716
  0.04812873   0.01993557     0.03367181  -0.00150426    -0.02828528   0.04389216
 -0.01103573   0.05103716    -0.02828528   0.04389216     0.12013141   0.04976006
    5    7
 -0.02977310   0.00381384    -0.02610826  -0.01947553     0.02521133  -0.01406675
  0.00230782  -0.00523853    -0.08419294  -0.01464346     0.03212207   0.01330352
 -0.01123454   0.03719966     0.00817862  -0.01447172     0.02909715  -0.06228335
    5    8
 -0.01464346  -0.08419294    -0.00523853   0.00230782    -0.01330352  -0.03212207
 -0.01947553  -0.02610826     0.00381384  -0.02977310     0.01406675  -0.02521133
  0.01447172  -0.00817862    -0.03719966   0.01123454    -0.06228335   0.02909715
    6    1
 -0.02031738  -0.00841573    -0.00877659   0.04905970     0.02156195   0.05439178
 -0.05370740   0.02321419    -0.00363502  -0.08397244     0.05715795   0.02367560
 -0.02848445   0.04089643     0.03865129   0.01600989    -0.06194783   0.05680714
    6    2
  0.00454640   0.05715951     0.03755995  -0.06844392    -0.00519390   0.05611313
  0.00519390  -0.05611313    -0.04456701   0.05143295     0.09107806   0.01070350
 -0.03755995   0.06844392    -0.04169441  -0.03529651    -0.04456701   0.05143295
    6    3
  0.05143295  -0.04456701    -0.05611313   0.00519390    -0.01070350  -0.09107806
 -0.06844392   0.03755995     0.05715951   0.00454640    -0.05611313   0.00519390
  0.03529651   0.04169441    -0.06844392   0.03755995     0.05143295  -0.04456701
    6    4
 -0.06194783   0.05680714    -0.02156195  -0.05439178    -0.05715795  -0.02367560
  0.02848445  -0.04089643    -0.02031738  -0.00841573    -0.05370740   0.02321419
 -0.03865129  -0.01600989    -0.00877659   0.04905970    -0.00363502  -0.08397244
    6    5
  0.02274590  -0.02487324     0.04812873  -0.01993557    -0.01103573  -0.05103716
  0.04812873  -0.01993557     0.03367181   0.00150426    -0.02828528  -0.04389216
 -0.01103573  -0.05103716    -0.02828528  -0.04389216     0.12013141  -0.04976006
    6    6
  0.14947302   0.00000000     0.05379638  -0.01679329    -0.00168489   0.03498059
  0.05379638   0.01679329     0.14947302   0.00000000     0.00168489   0.03498059
 -0.00168489  -0.03498059     0.00168489  -0.03498059     0.00221008   0.00000000
    6    7
 -0.01835596  -0.02374955    -0.03223261  -0.00469005     0.00788041   0.02777379
 -0.00207233   0.00533608    -0.06988789  -0.04917890     0.03212075   0.01330672
  0.01836011  -0.03424815    -0.00444989   0.01601621    -0.02346619   0.06461577
    6    8
 -0.08419294  -0.01464346     0.00230782  -0.00523853    -0.03212207  -0.01330352
 -0.02610826  -0.01947553    -0.02977310   0.00381384    -0.02521133   0.01406675
 -0.00817862   0.01447172     0.01123454  -0.03719966     0.02909715  -0.06228335
    7    1
 -0.06988789  -0.04917890    -0.00444989   0.01601621     0.03223261   0.00469005
  0.03212075   0.01330672    -0.02346619   0.06461577    -0.00788041  -0.02777379
  0.00207233  -0.00533608    -0.01836011   0.03424815    -0.01835596  -0.02374955
    7    2
 -0.08419294  -0.01464346     0.00817862  -0.01447172     0.02610826   0.01947553
  0.03212207   0.01330352     0.02909715  -0.06228335    -0.02521133   0.01406675
 -0.00230782   0.00523853     0.01123454  -0.03719966    -0.02977310   0.00381384
    7    3
  0.02909715  -0.06228335    -0.02521133   0.01406675    -0.03212207  -0.01330352
  0.01123454  -0.03719966    -0.02977310   0.00381384     0.00230782  -0.00523853
 -0.00817862   0.01447172    -0.02610826  -0.01947553    -0.08419294  -0.01464346
    7    4
 -0.02346619   0.06461577    -0.00788041  -0.02777379    -0.03212075  -0.01330672
 -0.01836011   0.03424815    -0.01835596  -0.02374955    -0.00207233   0.00533608
  0.00444989  -0.01601621    -0.03223261  -0.00469005    -0.06988789  -0.04917890
    7    5
 -0.02977310  -0.00381384     0.00230782   0.00523853    -0.01123454  -0.03719966
 -0.02610826   0.01947553    -0.08419294   0.01464346     0.00817862   0.01447172
  0.02521133   0.01406675     0.03212207  -0.01330352     0.02909715   0.06228335
    7    6
 -0.01835596   0.02374955    -0.00207233  -0.00533608     0.01836011   0.03424815
 -0.03223261   0.00469005    -0.06988789   0.04917890    -0.00444989  -0.01601621
  0.00788041  -0.02777379     0.03212075  -0.01330672    -0.02346619  -0.06461577
    7    7
  0.21277203   0.00000000     0.00435125   0.00000000    -0.00435125   0.00000000
  0.00435125   0.00000000     0.21277203   0.00000000     0.00435125   0.00000000
 -0.00435125   0.00000000     0.00435125   0.00000000     0.21277203   0.00000000
    7    8
  0.00258620   0.00107124    -0.01728731  -0.00716064    -0.03101433  -0.01284656
  0.03101433   0.01284656     0.00258620   0.00107124    -0.01728731  -0.00716064
  0.01728731   0.00716064     0.03101433   0.01284656     0.00258620   0.00107124
    8    1
 -0.01835596   0.02374955    -0.01836011  -0.03424815     0.00207233   0.00533608
 -0.00788041   0.02777379    -0.02346619  -0.06461577     0.03212075  -0.01330672
  0.03223261  -0.00469005    -0.00444989  -0.01601621    -0.06988789   0.04917890
    8    2
 -0.01835596  -0.02374955    -0.01836011   0.03424815     0.00207233  -0.00533608
 -0.00788041  -0.02777379    -0.02346619   0.06461577     0.03212075   0.01330672
  0.03223261   0.00469005    -0.00444989   0.01601621    -0.06988789  -0.04917890
    8    3
 -0.02346619   0.06461577     0.03212075   0.01330672     0.00788041   0.02777379
 -0.00444989   0.01601621    -0.06988789  -0.04917890    -0.03223261  -0.00469005
  0.01836011  -0.03424815    -0.00207233   0.00533608    -0.01835596  -0.02374955
    8    4
 -0.02346619  -0.06461577     0.03212075  -0.01330672     0.00788041  -0.02777379
 -0.00444989  -0.01601621    -0.06988789   0.04917890    -0.03223261   0.00469005
  0.01836011   0.03424815    -0.00207233  -0.00533608    -0.01835596   0.02374955
    8    5
 -0.01464346   0.08419294    -0.01947553   0.02610826     0.01447172   0.00817862
 -0.00523853  -0.00230782     0.00381384   0.02977310    -0.03719966  -0.01123454
 -0.01330352   0.03212207     0.01406675   0.02521133    -0.06228335  -0.02909715
    8    6
 -0.08419294   0.01464346    -0.02610826   0.01947553    -0.00817862  -0.01447172
  0.00230782   0.00523853    -0.02977310  -0.00381384     0.01123454   0.03719966
 -0.03212207   0.01330352    -0.02521133  -0.01406675     0.02909715   0.06228335
    8    7
  0.00258620  -0.00107124     0.03101433  -0.01284656     0.01728731  -0.00716064
 -0.01728731   0.00716064     0.00258620  -0.00107124     0.03101433  -0.01284656
 -0.03101433   0.01284656    -0.01728731   0.00716064     0.00258620  -0.00107124
    8    8
  0.21277203   0.00000000     0.00435125   0.00000000    -0.00435125   0.00000000
  0.00435125   0.00000000     0.21277203   0.00000000     0.00435125   0.00000000
 -0.00435125   0.00000000     0.00435125   0.00000000     0.21277203   0.00000000

     Dynamical  Matrix in cartesian axes

     q = (   -0.125000000   0.125000000   0.125000000 ) 

    1    1
  0.14947302   0.00000000     0.00168489   0.03498059     0.05379638   0.01679329
  0.00168489  -0.03498059     0.00221008   0.00000000    -0.00168489  -0.03498059
  0.05379638  -0.01679329    -0.00168489   0.03498059     0.14947302   0.00000000
    1    2
  0.03367181   0.00150426    -0.02828528  -0.04389216     0.04812873  -0.01993557
 -0.02828528  -0.04389216     0.12013141  -0.04976006    -0.01103573  -0.05103716
  0.04812873  -0.01993557    -0.01103573  -0.05103716     0.02274590  -0.02487324
    1    3
 -0.00363502  -0.08397244     0.05715795   0.02367560    -0.05370740   0.02321419
  0.03865129   0.01600989    -0.06194783   0.05680714    -0.02848445   0.04089643
 -0.00877659   0.04905970     0.02156195   0.05439178    -0.02031738  -0.00841573
    1    4
 -0.04456701   0.05143295     0.09107806   0.01070350     0.00519390  -0.05611313
 -0.04169441  -0.03529651    -0.04456701   0.05143295    -0.03755995   0.06844392
  0.03755995  -0.06844392    -0.00519390   0.05611313     0.00454640   0.05715951
    1    5
 -0.02031738  -0.00841573    -0.05370740   0.02321419     0.02848445  -0.04089643
 -0.00877659   0.04905970    -0.00363502  -0.08397244    -0.03865129  -0.01600989
 -0.02156195  -0.05439178    -0.05715795  -0.02367560    -0.06194783   0.05680714
    1    6
  0.05715951   0.00454640    -0.05611313   0.00519390    -0.06844392   0.03755995
 -0.06844392   0.03755995     0.05143295  -0.04456701     0.03529651   0.04169441
 -0.05611313   0.00519390    -0.01070350  -0.09107806     0.05143295  -0.04456701
    1    7
 -0.06988789  -0.04917890     0.03212075   0.01330672    -0.00207233   0.00533608
 -0.00444989   0.01601621    -0.02346619   0.06461577     0.01836011  -0.03424815
 -0.03223261  -0.00469005     0.00788041   0.02777379    -0.01835596  -0.02374955
    1    8
 -0.02977310   0.00381384    -0.02521133   0.01406675    -0.02610826  -0.01947553
  0.01123454  -0.03719966     0.02909715  -0.06228335    -0.00817862   0.01447172
  0.00230782  -0.00523853    -0.03212207  -0.01330352    -0.08419294  -0.01464346
    2    1
  0.03367181  -0.00150426    -0.02828528   0.04389216     0.04812873   0.01993557
 -0.02828528   0.04389216     0.12013141   0.04976006    -0.01103573   0.05103716
  0.04812873   0.01993557    -0.01103573   0.05103716     0.02274590   0.02487324
    2    2
  0.14947302   0.00000000     0.00168489  -0.03498059     0.05379638  -0.01679329
  0.00168489   0.03498059     0.00221008   0.00000000    -0.00168489   0.03498059
  0.05379638   0.01679329    -0.00168489  -0.03498059     0.14947302   0.00000000
    2    3
  0.05143295  -0.04456701     0.01070350   0.09107806    -0.05611313   0.00519390
 -0.03529651  -0.04169441     0.05143295  -0.04456701     0.06844392  -0.03755995
 -0.06844392   0.03755995     0.05611313  -0.00519390     0.05715951   0.00454640
    2    4
 -0.08397244  -0.00363502     0.02367560   0.05715795     0.02321419  -0.05370740
  0.01600989   0.03865129     0.05680714  -0.06194783     0.04089643  -0.02848445
  0.04905970  -0.00877659     0.05439178   0.02156195    -0.00841573  -0.02031738
    2    5
  0.00454640   0.05715951     0.00519390  -0.05611313     0.03755995  -0.06844392
  0.03755995  -0.06844392    -0.04456701   0.05143295     0.04169441   0.03529651
  0.00519390  -0.05611313    -0.09107806  -0.01070350    -0.04456701   0.05143295
    2    6
 -0.00841573  -0.02031738     0.02321419  -0.05370740    -0.04089643   0.02848445
  0.04905970  -0.00877659    -0.08397244  -0.00363502    -0.01600989  -0.03865129
 -0.05439178  -0.02156195    -0.02367560  -0.05715795     0.05680714  -0.06194783
    2    7
 -0.08419294  -0.01464346     0.03212207   0.01330352     0.00230782  -0.00523853
  0.00817862  -0.01447172     0.02909715  -0.06228335    -0.01123454   0.03719966
 -0.02610826  -0.01947553     0.02521133  -0.01406675    -0.02977310   0.00381384
    2    8
  0.00381384  -0.02977310     0.01406675  -0.02521133    -0.01947553  -0.02610826
 -0.03719966   0.01123454    -0.06228335   0.02909715     0.01447172  -0.00817862
 -0.00523853   0.00230782    -0.01330352  -0.03212207    -0.01464346  -0.08419294
    3    1
 -0.00363502   0.08397244     0.03865129  -0.01600989    -0.00877659  -0.04905970
  0.05715795  -0.02367560    -0.06194783  -0.05680714     0.02156195  -0.05439178
 -0.05370740  -0.02321419    -0.02848445  -0.04089643    -0.02031738   0.00841573
    3    2
  0.05143295   0.04456701    -0.03529651   0.04169441    -0.06844392  -0.03755995
  0.01070350  -0.09107806     0.05143295   0.04456701     0.05611313   0.00519390
 -0.05611313  -0.00519390     0.06844392   0.03755995     0.05715951  -0.00454640
    3    3
  0.00221008   0.00000000     0.00168489  -0.03498059     0.00168489   0.03498059
  0.00168489   0.03498059     0.14947302   0.00000000    -0.05379638  -0.01679329
  0.00168489  -0.03498059    -0.05379638   0.01679329     0.14947302   0.00000000
    3    4
  0.12013141   0.04976006     0.01103573  -0.05103716    -0.02828528   0.04389216
  0.01103573  -0.05103716     0.02274590   0.02487324    -0.04812873  -0.01993557
 -0.02828528   0.04389216    -0.04812873  -0.01993557     0.03367181  -0.00150426
    3    5
  0.00485495  -0.06788222    -0.02183827   0.07495605    -0.05444080  -0.00452400
 -0.03600533   0.04335062     0.04363267  -0.03720308     0.02183827  -0.07495605
  0.07197043   0.05683340     0.03600533  -0.04335062     0.00485495  -0.06788222
    3    6
 -0.00363502  -0.08397244    -0.00877659   0.04905970     0.03865129   0.01600989
 -0.05370740   0.02321419    -0.02031738  -0.00841573    -0.02848445   0.04089643
  0.05715795   0.02367560     0.02156195   0.05439178    -0.06194783   0.05680714
    3    7
 -0.02346619  -0.06461577    -0.01836011  -0.03424815    -0.00444989  -0.01601621
 -0.00788041   0.02777379    -0.01835596   0.02374955     0.03223261  -0.00469005
  0.03212075  -0.01330672     0.00207233   0.00533608    -0.06988789   0.04917890
    3    8
 -0.02346619   0.06461577    -0.00444989   0.01601621    -0.01836011   0.03424815
