Dynamical matrix file
Electron-phonon coefficients for Nb6Sn2                                    
  2    8   1   9.8290101   0.0000000   0.0000000   0.0000000   0.0000000   0.0000000
           1  'Nb  '    84678.9851990652     
           2  'Sn  '    108197.546099429     
    1    1      0.0000000000      0.2500000000      0.5000000000
    2    1      0.0000000000      0.7500000000      0.5000000000
    3    1      0.2500000000      0.5000000000      0.0000000000
    4    1      0.7500000000      0.5000000000      0.0000000000
    5    1      0.5000000000      0.0000000000      0.7500000000
    6    1      0.5000000000      0.0000000000      0.2500000000
    7    2      0.5000000000      0.5000000000      0.5000000000
    8    2      0.0000000000      0.0000000000      0.0000000000

     Dynamical  Matrix in cartesian axes

     q = (    0.375000000   0.375000000   0.375000000 ) 

    1    1
  0.17027992   0.00000000    -0.02707575  -0.00524161     0.00437896   0.00502925
 -0.02707575   0.00524161     0.35804487   0.00000000    -0.02707575  -0.00524161
  0.00437896  -0.00502925    -0.02707575   0.00524161     0.17027992   0.00000000
    1    2
 -0.07620290  -0.06051325     0.03676274  -0.00513450     0.00244787  -0.00590969
  0.03676274  -0.00513450    -0.02600991   0.06279347    -0.02236455  -0.02962582
  0.00244787  -0.00590969    -0.02236455  -0.02962582     0.09667292   0.01109426
    1    3
 -0.01405727   0.01602427     0.02686743   0.01195460     0.00080560   0.00239418
  0.00853506  -0.01484601    -0.01405727   0.01602427     0.10883394   0.01314124
  0.10883394   0.01314124     0.00080560   0.00239418     0.01903833  -0.00378545
    1    4
  0.02357986  -0.04918892     0.00601069  -0.01451108     0.00776767  -0.04155971
  0.00452273  -0.01091883     0.01810834  -0.05145529    -0.04736496  -0.05298151
  0.07095567  -0.00397150     0.02389458  -0.03487972     0.00548173  -0.01323406
    1    5
  0.00548173  -0.01323406     0.00776767  -0.04155971    -0.04736496  -0.05298151
  0.07095567  -0.00397150     0.02357986  -0.04918892     0.00452273  -0.01091883
  0.02389458  -0.03487972     0.00601069  -0.01451108     0.01810834  -0.05145529
    1    6
  0.01903833   0.00378545     0.00080560  -0.00239418     0.10883394  -0.01314124
  0.10883394  -0.01314124    -0.01405727  -0.01602427     0.00853506   0.01484601
  0.00080560  -0.00239418     0.02686743  -0.01195460    -0.01405727  -0.01602427
    1    7
  0.00499021   0.03362386    -0.08998598  -0.05797246     0.03605077  -0.00070564
 -0.13637821  -0.07592147     0.05406766   0.01119758     0.00479364   0.01532788
  0.00358093  -0.00642684     0.00797933  -0.00378137    -0.00229631  -0.01786111
    1    8
 -0.00229631   0.01786111     0.00797933   0.00378137     0.00358093   0.00642684
  0.00479364  -0.01532788     0.05406766  -0.01119758    -0.13637821   0.07592147
  0.03605077   0.00070564    -0.08998598   0.05797246     0.00499021  -0.03362386
    2    1
 -0.07620290   0.06051325     0.03676274   0.00513450     0.00244787   0.00590969
  0.03676274   0.00513450    -0.02600991  -0.06279347    -0.02236455   0.02962582
  0.00244787   0.00590969    -0.02236455   0.02962582     0.09667292  -0.01109426
    2    2
  0.17027992   0.00000000    -0.02707575   0.00524161     0.00437896  -0.00502925
 -0.02707575  -0.00524161     0.35804487   0.00000000    -0.02707575   0.00524161
  0.00437896   0.00502925    -0.02707575  -0.00524161     0.17027992   0.00000000
    2    3
  0.02357986   0.04918892     0.00601069   0.01451108     0.00776767   0.04155971
  0.00452273   0.01091883     0.01810834   0.05145529    -0.04736496   0.05298151
  0.07095567   0.00397150     0.02389458   0.03487972     0.00548173   0.01323406
    2    4
 -0.01405727  -0.01602427     0.02686743  -0.01195460     0.00080560  -0.00239418
  0.00853506   0.01484601    -0.01405727  -0.01602427     0.10883394  -0.01314124
  0.10883394  -0.01314124     0.00080560  -0.00239418     0.01903833   0.00378545
    2    5
  0.01903833  -0.00378545     0.00080560   0.00239418     0.10883394   0.01314124
  0.10883394   0.01314124    -0.01405727   0.01602427     0.00853506  -0.01484601
  0.00080560   0.00239418     0.02686743   0.01195460    -0.01405727   0.01602427
    2    6
  0.00548173   0.01323406     0.00776767   0.04155971    -0.04736496   0.05298151
  0.07095567   0.00397150     0.02357986   0.04918892     0.00452273   0.01091883
  0.02389458   0.03487972     0.00601069   0.01451108     0.01810834   0.05145529
    2    7
 -0.02730427   0.02024705     0.10462241   0.02263698    -0.02499278  -0.02599071
  0.15011855   0.04274937    -0.04614949  -0.03031372    -0.01422806   0.00744883
  0.00201236  -0.00707656    -0.00296841  -0.00831607     0.01425344  -0.01100598
    2    8
 -0.01786111   0.00229631    -0.00378137  -0.00797933    -0.00642684  -0.00358093
  0.01532788  -0.00479364     0.01119758  -0.05406766    -0.07592147   0.13637821
 -0.00070564  -0.03605077    -0.05797246   0.08998598     0.03362386  -0.00499021
    3    1
 -0.01405727  -0.01602427     0.00853506   0.01484601     0.10883394  -0.01314124
  0.02686743  -0.01195460    -0.01405727  -0.01602427     0.00080560  -0.00239418
  0.00080560  -0.00239418     0.10883394  -0.01314124     0.01903833   0.00378545
    3    2
  0.02357986  -0.04918892     0.00452273  -0.01091883     0.07095567  -0.00397150
  0.00601069  -0.01451108     0.01810834  -0.05145529     0.02389458  -0.03487972
  0.00776767  -0.04155971    -0.04736496  -0.05298151     0.00548173  -0.01323406
    3    3
  0.35804487   0.00000000    -0.02707575  -0.00524161    -0.02707575   0.00524161
 -0.02707575   0.00524161     0.17027992   0.00000000     0.00437896  -0.00502925
 -0.02707575  -0.00524161     0.00437896   0.00502925     0.17027992   0.00000000
    3    4
 -0.02600991   0.06279347    -0.02236455  -0.02962582     0.03676274  -0.00513450
 -0.02236455  -0.02962582     0.09667292   0.01109426     0.00244787  -0.00590969
  0.03676274  -0.00513450     0.00244787  -0.00590969    -0.07620290  -0.06051325
    3    5
  0.01810834  -0.05145529    -0.04736496  -0.05298151     0.00452273  -0.01091883
  0.02389458  -0.03487972     0.00548173  -0.01323406     0.07095567  -0.00397150
  0.00601069  -0.01451108     0.00776767  -0.04155971     0.02357986  -0.04918892
    3    6
 -0.01405727   0.01602427     0.10883394   0.01314124     0.00853506  -0.01484601
  0.00080560   0.00239418     0.01903833  -0.00378545     0.10883394   0.01314124
  0.02686743   0.01195460     0.00080560   0.00239418    -0.01405727   0.01602427
    3    7
  0.05406766   0.01119758     0.00479364   0.01532788    -0.13637821  -0.07592147
  0.00797933  -0.00378137    -0.00229631  -0.01786111     0.00358093  -0.00642684
 -0.08998598  -0.05797246     0.03605077  -0.00070564     0.00499021   0.03362386
    3    8
  0.05406766  -0.01119758    -0.13637821   0.07592147     0.00479364  -0.01532788
 -0.08998598   0.05797246     0.00499021  -0.03362386     0.03605077   0.00070564
  0.00797933   0.00378137     0.00358093   0.00642684    -0.00229631   0.01786111
    4    1
  0.02357986   0.04918892     0.00452273   0.01091883     0.07095567   0.00397150
  0.00601069   0.01451108     0.01810834   0.05145529     0.02389458   0.03487972
  0.00776767   0.04155971    -0.04736496   0.05298151     0.00548173   0.01323406
    4    2
 -0.01405727   0.01602427     0.00853506  -0.01484601     0.10883394   0.01314124
  0.02686743   0.01195460    -0.01405727   0.01602427     0.00080560   0.00239418
  0.00080560   0.00239418     0.10883394   0.01314124     0.01903833  -0.00378545
    4    3
 -0.02600991  -0.06279347    -0.02236455   0.02962582     0.03676274   0.00513450
 -0.02236455   0.02962582     0.09667292  -0.01109426     0.00244787   0.00590969
  0.03676274   0.00513450     0.00244787   0.00590969    -0.07620290   0.06051325
    4    4
  0.35804487   0.00000000    -0.02707575   0.00524161    -0.02707575  -0.00524161
 -0.02707575  -0.00524161     0.17027992   0.00000000     0.00437896   0.00502925
 -0.02707575   0.00524161     0.00437896  -0.00502925     0.17027992   0.00000000
    4    5
 -0.01405727  -0.01602427     0.10883394  -0.01314124     0.00853506   0.01484601
  0.00080560  -0.00239418     0.01903833   0.00378545     0.10883394  -0.01314124
  0.02686743  -0.01195460     0.00080560  -0.00239418    -0.01405727  -0.01602427
    4    6
  0.01810834   0.05145529    -0.04736496   0.05298151     0.00452273   0.01091883
  0.02389458   0.03487972     0.00548173   0.01323406     0.07095567   0.00397150
  0.00601069   0.01451108     0.00776767   0.04155971     0.02357986   0.04918892
    4    7
 -0.04614949  -0.03031372    -0.01422806   0.00744883     0.15011855   0.04274937
 -0.00296841  -0.00831607     0.01425344  -0.01100598     0.00201236  -0.00707656
  0.10462241   0.02263698    -0.02499278  -0.02599071    -0.02730427   0.02024705
    4    8
  0.01119758  -0.05406766    -0.07592147   0.13637821     0.01532788  -0.00479364
 -0.05797246   0.08998598     0.03362386  -0.00499021    -0.00070564  -0.03605077
 -0.00378137  -0.00797933    -0.00642684  -0.00358093    -0.01786111   0.00229631
    5    1
  0.00548173   0.01323406     0.07095567   0.00397150     0.02389458   0.03487972
  0.00776767   0.04155971     0.02357986   0.04918892     0.00601069   0.01451108
 -0.04736496   0.05298151     0.00452273   0.01091883     0.01810834   0.05145529
    5    2
  0.01903833   0.00378545     0.10883394  -0.01314124     0.00080560  -0.00239418
  0.00080560  -0.00239418    -0.01405727  -0.01602427     0.02686743  -0.01195460
  0.10883394  -0.01314124     0.00853506   0.01484601    -0.01405727  -0.01602427
    5    3
  0.01810834   0.05145529     0.02389458   0.03487972     0.00601069   0.01451108
 -0.04736496   0.05298151     0.00548173   0.01323406     0.00776767   0.04155971
  0.00452273   0.01091883     0.07095567   0.00397150     0.02357986   0.04918892
    5    4
 -0.01405727   0.01602427     0.00080560   0.00239418     0.02686743   0.01195460
  0.10883394   0.01314124     0.01903833  -0.00378545     0.00080560   0.00239418
  0.00853506  -0.01484601     0.10883394   0.01314124    -0.01405727   0.01602427
    5    5
  0.17027992   0.00000000     0.00437896   0.00502925    -0.02707575  -0.00524161
  0.00437896  -0.00502925     0.17027992   0.00000000    -0.02707575   0.00524161
 -0.02707575   0.00524161    -0.02707575  -0.00524161     0.35804487   0.00000000
    5    6
  0.09667292  -0.01109426     0.00244787   0.00590969    -0.02236455   0.02962582
  0.00244787   0.00590969    -0.07620290   0.06051325     0.03676274   0.00513450
 -0.02236455   0.02962582     0.03676274   0.00513450    -0.02600991  -0.06279347
    5    7
  0.01425344  -0.01100598     0.00201236  -0.00707656    -0.00296841  -0.00831607
 -0.02499278  -0.02599071    -0.02730427   0.02024705     0.10462241   0.02263698
 -0.01422806   0.00744883     0.15011855   0.04274937    -0.04614949  -0.03031372
    5    8
  0.03362386  -0.00499021    -0.00070564  -0.03605077    -0.05797246   0.08998598
 -0.00642684  -0.00358093    -0.01786111   0.00229631    -0.00378137  -0.00797933
 -0.07592147   0.13637821     0.01532788  -0.00479364     0.01119758  -0.05406766
    6    1
  0.01903833  -0.00378545     0.10883394   0.01314124     0.00080560   0.00239418
  0.00080560   0.00239418    -0.01405727   0.01602427     0.02686743   0.01195460
  0.10883394   0.01314124     0.00853506  -0.01484601    -0.01405727   0.01602427
    6    2
  0.00548173  -0.01323406     0.07095567  -0.00397150     0.02389458  -0.03487972
  0.00776767  -0.04155971     0.02357986  -0.04918892     0.00601069  -0.01451108
 -0.04736496  -0.05298151     0.00452273  -0.01091883     0.01810834  -0.05145529
    6    3
 -0.01405727  -0.01602427     0.00080560  -0.00239418     0.02686743  -0.01195460
  0.10883394  -0.01314124     0.01903833   0.00378545     0.00080560  -0.00239418
  0.00853506   0.01484601     0.10883394  -0.01314124    -0.01405727  -0.01602427
    6    4
  0.01810834  -0.05145529     0.02389458  -0.03487972     0.00601069  -0.01451108
 -0.04736496  -0.05298151     0.00548173  -0.01323406     0.00776767  -0.04155971
  0.00452273  -0.01091883     0.07095567  -0.00397150     0.02357986  -0.04918892
    6    5
  0.09667292   0.01109426     0.00244787  -0.00590969    -0.02236455  -0.02962582
  0.00244787  -0.00590969    -0.07620290  -0.06051325     0.03676274  -0.00513450
 -0.02236455  -0.02962582     0.03676274  -0.00513450    -0.02600991   0.06279347
    6    6
  0.17027992   0.00000000     0.00437896  -0.00502925    -0.02707575   0.00524161
  0.00437896   0.00502925     0.17027992   0.00000000    -0.02707575  -0.00524161
 -0.02707575  -0.00524161    -0.02707575   0.00524161     0.35804487   0.00000000
    6    7
 -0.00229631  -0.01786111     0.00358093  -0.00642684     0.00797933  -0.00378137
  0.03605077  -0.00070564     0.00499021   0.03362386    -0.08998598  -0.05797246
  0.00479364   0.01532788    -0.13637821  -0.07592147     0.05406766   0.01119758
    6    8
  0.00499021  -0.03362386     0.03605077   0.00070564    -0.08998598   0.05797246
  0.00358093   0.00642684    -0.00229631   0.01786111     0.00797933   0.00378137
 -0.13637821   0.07592147     0.00479364  -0.01532788     0.05406766  -0.01119758
    7    1
  0.00499021  -0.03362386    -0.13637821   0.07592147     0.00358093   0.00642684
 -0.08998598   0.05797246     0.05406766  -0.01119758     0.00797933   0.00378137
  0.03605077   0.00070564     0.00479364  -0.01532788    -0.00229631   0.01786111
    7    2
 -0.02730427  -0.02024705     0.15011855  -0.04274937     0.00201236   0.00707656
  0.10462241  -0.02263698    -0.04614949   0.03031372    -0.00296841   0.00831607
 -0.02499278   0.02599071    -0.01422806  -0.00744883     0.01425344   0.01100598
    7    3
  0.05406766  -0.01119758     0.00797933   0.00378137    -0.08998598   0.05797246
  0.00479364  -0.01532788    -0.00229631   0.01786111     0.03605077   0.00070564
 -0.13637821   0.07592147     0.00358093   0.00642684     0.00499021  -0.03362386
    7    4
 -0.04614949   0.03031372    -0.00296841   0.00831607     0.10462241  -0.02263698
 -0.01422806  -0.00744883     0.01425344   0.01100598    -0.02499278   0.02599071
  0.15011855  -0.04274937     0.00201236   0.00707656    -0.02730427  -0.02024705
    7    5
  0.01425344   0.01100598    -0.02499278   0.02599071    -0.01422806  -0.00744883
  0.00201236   0.00707656    -0.02730427  -0.02024705     0.15011855  -0.04274937
 -0.00296841   0.00831607     0.10462241  -0.02263698    -0.04614949   0.03031372
    7    6
 -0.00229631   0.01786111     0.03605077   0.00070564     0.00479364  -0.01532788
  0.00358093   0.00642684     0.00499021  -0.03362386    -0.13637821   0.07592147
  0.00797933   0.00378137    -0.08998598   0.05797246     0.05406766  -0.01119758
    7    7
  0.31652335   0.00000000    -0.04773470   0.00000000    -0.04773470   0.00000000
 -0.04773470   0.00000000     0.31652335   0.00000000    -0.04773470   0.00000000
 -0.04773470   0.00000000    -0.04773470   0.00000000     0.31652335   0.00000000
    7    8
  0.02306997   0.00955589    -0.01031966  -0.00427454     0.00255756   0.00105938
  0.00255756   0.00105938     0.02306997   0.00955589    -0.01031966  -0.00427454
 -0.01031966  -0.00427454     0.00255756   0.00105938     0.02306997   0.00955589
    8    1
 -0.00229631  -0.01786111     0.00479364   0.01532788     0.03605077  -0.00070564
  0.00797933  -0.00378137     0.05406766   0.01119758    -0.08998598  -0.05797246
  0.00358093  -0.00642684    -0.13637821  -0.07592147     0.00499021   0.03362386
    8    2
 -0.01786111  -0.00229631     0.01532788   0.00479364    -0.00070564   0.03605077
 -0.00378137   0.00797933     0.01119758   0.05406766    -0.05797246  -0.08998598
 -0.00642684   0.00358093    -0.07592147  -0.13637821     0.03362386   0.00499021
    8    3
  0.05406766   0.01119758    -0.08998598  -0.05797246     0.00797933  -0.00378137
 -0.13637821  -0.07592147     0.00499021   0.03362386     0.00358093  -0.00642684
  0.00479364   0.01532788     0.03605077  -0.00070564    -0.00229631  -0.01786111
    8    4
  0.01119758   0.05406766    -0.05797246  -0.08998598    -0.00378137   0.00797933
 -0.07592147  -0.13637821     0.03362386   0.00499021    -0.00642684   0.00358093
  0.01532788   0.00479364    -0.00070564   0.03605077    -0.01786111  -0.00229631
    8    5
  0.03362386   0.00499021    -0.00642684   0.00358093    -0.07592147  -0.13637821
 -0.00070564   0.03605077    -0.01786111  -0.00229631     0.01532788   0.00479364
 -0.05797246  -0.08998598    -0.00378137   0.00797933     0.01119758   0.05406766
    8    6
  0.00499021   0.03362386     0.00358093  -0.00642684    -0.13637821  -0.07592147
  0.03605077  -0.00070564    -0.00229631  -0.01786111     0.00479364   0.01532788
 -0.08998598  -0.05797246     0.00797933  -0.00378137     0.05406766   0.01119758
    8    7
  0.02306997  -0.00955589     0.00255756  -0.00105938    -0.01031966   0.00427454
 -0.01031966   0.00427454     0.02306997  -0.00955589     0.00255756  -0.00105938
  0.00255756  -0.00105938    -0.01031966   0.00427454     0.02306997  -0.00955589
    8    8
  0.31652335   0.00000000    -0.04773470   0.00000000    -0.04773470   0.00000000
 -0.04773470   0.00000000     0.31652335   0.00000000    -0.04773470   0.00000000
 -0.04773470   0.00000000    -0.04773470   0.00000000     0.31652335   0.00000000

     Dynamical  Matrix in cartesian axes

     q = (    0.375000000  -0.375000000   0.375000000 ) 

    1    1
  0.17027992   0.00000000     0.02707575  -0.00524161     0.00437896  -0.00502925
  0.02707575   0.00524161     0.35804487   0.00000000     0.02707575  -0.00524161
  0.00437896   0.00502925     0.02707575   0.00524161     0.17027992   0.00000000
    1    2
 -0.07620290   0.06051325    -0.03676274  -0.00513450     0.00244787   0.00590969
 -0.03676274  -0.00513450    -0.02600991  -0.06279347     0.02236455  -0.02962582
  0.00244787   0.00590969     0.02236455  -0.02962582     0.09667292  -0.01109426
    1    3
  0.02357986   0.04918892    -0.00601069  -0.01451108     0.00776767   0.04155971
 -0.00452273  -0.01091883     0.01810834   0.05145529     0.04736496  -0.05298151
  0.07095567   0.00397150    -0.02389458  -0.03487972     0.00548173   0.01323406
    1    4
 -0.01405727  -0.01602427    -0.02686743   0.01195460     0.00080560  -0.00239418
 -0.00853506  -0.01484601    -0.01405727  -0.01602427    -0.10883394   0.01314124
  0.10883394  -0.01314124    -0.00080560   0.00239418     0.01903833   0.00378545
    1    5
 -0.01613885  -0.01078542    -0.00112330   0.00226258    -0.06766496  -0.08624947
  0.06766496   0.08624947     0.02127086  -0.00139088     0.01653291  -0.00446251
  0.00112330  -0.00226258     0.01054497   0.02745132     0.02127086  -0.00139088
    1    6
  0.00548173  -0.01323406    -0.02389458   0.03487972     0.07095567  -0.00397150
  0.04736496   0.05298151     0.01810834  -0.05145529    -0.00452273   0.01091883
  0.00776767  -0.04155971    -0.00601069   0.01451108     0.02357986  -0.04918892
    1    7
 -0.02730427   0.02024705    -0.10462241  -0.02263698    -0.02499278  -0.02599071
 -0.15011855  -0.04274937    -0.04614949  -0.03031372     0.01422806  -0.00744883
  0.00201236  -0.00707656     0.00296841   0.00831607     0.01425344  -0.01100598
    1    8
  0.01425344   0.01100598     0.00296841  -0.00831607     0.00201236   0.00707656
  0.01422806   0.00744883    -0.04614949   0.03031372    -0.15011855   0.04274937
 -0.02499278   0.02599071    -0.10462241   0.02263698    -0.02730427  -0.02024705
    2    1
 -0.07620290  -0.06051325    -0.03676274   0.00513450     0.00244787  -0.00590969
 -0.03676274   0.00513450    -0.02600991   0.06279347     0.02236455   0.02962582
  0.00244787  -0.00590969     0.02236455   0.02962582     0.09667292   0.01109426
    2    2
  0.17027992   0.00000000     0.02707575   0.00524161     0.00437896   0.00502925
  0.02707575  -0.00524161     0.35804487   0.00000000     0.02707575   0.00524161
  0.00437896  -0.00502925     0.02707575  -0.00524161     0.17027992   0.00000000
    2    3
 -0.01405727   0.01602427    -0.02686743  -0.01195460     0.00080560   0.00239418
 -0.00853506   0.01484601    -0.01405727   0.01602427    -0.10883394  -0.01314124
  0.10883394   0.01314124    -0.00080560  -0.00239418     0.01903833  -0.00378545
    2    4
  0.02357986  -0.04918892    -0.00601069   0.01451108     0.00776767  -0.04155971
 -0.00452273   0.01091883     0.01810834  -0.05145529     0.04736496   0.05298151
  0.07095567  -0.00397150    -0.02389458   0.03487972     0.00548173  -0.01323406
    2    5
 -0.01323406   0.00548173     0.03487972  -0.02389458    -0.00397150   0.07095567
  0.05298151   0.04736496    -0.05145529   0.01810834     0.01091883  -0.00452273
 -0.04155971   0.00776767     0.01451108  -0.00601069    -0.04918892   0.02357986
    2    6
 -0.01078542  -0.01613885     0.00226258  -0.00112330    -0.08624947  -0.06766496
  0.08624947   0.06766496    -0.00139088   0.02127086    -0.00446251   0.01653291
 -0.00226258   0.00112330     0.02745132   0.01054497    -0.00139088   0.02127086
    2    7
  0.00499021   0.03362386     0.08998598   0.05797246     0.03605077  -0.00070564
  0.13637821   0.07592147     0.05406766   0.01119758    -0.00479364  -0.01532788
  0.00358093  -0.00642684    -0.00797933   0.00378137    -0.00229631  -0.01786111
    2    8
  0.01425344  -0.01100598     0.00296841   0.00831607     0.00201236  -0.00707656
  0.01422806  -0.00744883    -0.04614949  -0.03031372    -0.15011855  -0.04274937
 -0.02499278  -0.02599071    -0.10462241  -0.02263698    -0.02730427   0.02024705
    3    1
  0.02357986  -0.04918892    -0.00452273   0.01091883     0.07095567  -0.00397150
 -0.00601069   0.01451108     0.01810834  -0.05145529    -0.02389458   0.03487972
  0.00776767  -0.04155971     0.04736496   0.05298151     0.00548173  -0.01323406
    3    2
 -0.01405727  -0.01602427    -0.00853506  -0.01484601     0.10883394  -0.01314124
 -0.02686743   0.01195460    -0.01405727  -0.01602427    -0.00080560   0.00239418
  0.00080560  -0.00239418    -0.10883394   0.01314124     0.01903833   0.00378545
    3    3
  0.35804487   0.00000000     0.02707575   0.00524161    -0.02707575   0.00524161
  0.02707575  -0.00524161     0.17027992   0.00000000    -0.00437896   0.00502925
 -0.02707575  -0.00524161    -0.00437896  -0.00502925     0.17027992   0.00000000
    3    4
 -0.02600991   0.06279347     0.02236455   0.02962582     0.03676274  -0.00513450
  0.02236455   0.02962582     0.09667292   0.01109426    -0.00244787   0.00590969
  0.03676274  -0.00513450    -0.00244787   0.00590969    -0.07620290  -0.06051325
    3    5
 -0.04918892   0.02357986     0.00397150  -0.07095567    -0.01091883   0.00452273
  0.04155971  -0.00776767    -0.01323406   0.00548173     0.05298151   0.04736496
 -0.01451108   0.00601069     0.03487972  -0.02389458    -0.05145529   0.01810834
    3    6
  0.02127086  -0.00139088     0.06766496   0.08624947    -0.01653291   0.00446251
 -0.00112330   0.00226258    -0.01613885  -0.01078542     0.06766496   0.08624947
 -0.01054497  -0.02745132    -0.00112330   0.00226258     0.02127086  -0.00139088
    3    7
  0.05406766   0.01119758    -0.00479364  -0.01532788    -0.13637821  -0.07592147
 -0.00797933   0.00378137    -0.00229631  -0.01786111    -0.00358093   0.00642684
 -0.08998598  -0.05797246    -0.03605077   0.00070564     0.00499021   0.03362386
    3    8
 -0.04614949  -0.03031372    -0.15011855  -0.04274937    -0.01422806   0.00744883
 -0.10462241  -0.02263698    -0.02730427   0.02024705     0.02499278   0.02599071
 -0.00296841  -0.00831607    -0.00201236   0.00707656     0.01425344  -0.01100598
    4    1
 -0.01405727   0.01602427    -0.00853506   0.01484601     0.10883394   0.01314124
 -0.02686743  -0.01195460    -0.01405727   0.01602427    -0.00080560  -0.00239418
  0.00080560   0.00239418    -0.10883394  -0.01314124     0.01903833  -0.00378545
    4    2
  0.02357986   0.04918892    -0.00452273  -0.01091883     0.07095567   0.00397150
 -0.00601069  -0.01451108     0.01810834   0.05145529    -0.02389458  -0.03487972
  0.00776767   0.04155971     0.04736496  -0.05298151     0.00548173   0.01323406
    4    3
 -0.02600991  -0.06279347     0.02236455  -0.02962582     0.03676274   0.00513450
  0.02236455  -0.02962582     0.09667292  -0.01109426    -0.00244787  -0.00590969
  0.03676274   0.00513450    -0.00244787  -0.00590969    -0.07620290   0.06051325
    4    4
  0.35804487   0.00000000     0.02707575  -0.00524161    -0.02707575  -0.00524161
  0.02707575   0.00524161     0.17027992   0.00000000    -0.00437896  -0.00502925
 -0.02707575   0.00524161    -0.00437896   0.00502925     0.17027992   0.00000000
    4    5
 -0.00139088   0.02127086     0.08624947   0.06766496     0.00446251  -0.01653291
  0.00226258  -0.00112330    -0.01078542  -0.01613885     0.08624947   0.06766496
 -0.02745132  -0.01054497     0.00226258  -0.00112330    -0.00139088   0.02127086
    4    6
  0.02357986  -0.04918892    -0.07095567   0.00397150     0.00452273  -0.01091883
 -0.00776767   0.04155971     0.00548173  -0.01323406     0.04736496   0.05298151
  0.00601069  -0.01451108    -0.02389458   0.03487972     0.01810834  -0.05145529
    4    7
 -0.04614949  -0.03031372     0.01422806  -0.00744883     0.15011855   0.04274937
  0.00296841   0.00831607     0.01425344  -0.01100598    -0.00201236   0.00707656
  0.10462241   0.02263698     0.02499278   0.02599071    -0.02730427   0.02024705
    4    8
 -0.04614949   0.03031372    -0.15011855   0.04274937    -0.01422806  -0.00744883
 -0.10462241   0.02263698    -0.02730427  -0.02024705     0.02499278  -0.02599071
 -0.00296841   0.00831607    -0.00201236  -0.00707656     0.01425344   0.01100598
    5    1
 -0.01613885   0.01078542     0.06766496  -0.08624947     0.00112330   0.00226258
 -0.00112330  -0.00226258     0.02127086   0.00139088     0.01054497  -0.02745132
 -0.06766496   0.08624947     0.01653291   0.00446251     0.02127086   0.00139088
    5    2
 -0.01323406  -0.00548173     0.05298151  -0.04736496    -0.04155971  -0.00776767
  0.03487972   0.02389458    -0.05145529  -0.01810834     0.01451108   0.00601069
 -0.00397150  -0.07095567     0.01091883   0.00452273    -0.04918892  -0.02357986
    5    3
 -0.04918892  -0.02357986     0.04155971   0.00776767    -0.01451108  -0.00601069
  0.00397150   0.07095567    -0.01323406  -0.00548173     0.03487972   0.02389458
 -0.01091883  -0.00452273     0.05298151  -0.04736496    -0.05145529  -0.01810834
    5    4
 -0.00139088  -0.02127086     0.00226258   0.00112330    -0.02745132   0.01054497
  0.08624947  -0.06766496    -0.01078542   0.01613885     0.00226258   0.00112330
  0.00446251   0.01653291     0.08624947  -0.06766496    -0.00139088  -0.02127086
    5    5
  0.17027992   0.00000000    -0.00437896  -0.00502925    -0.02707575  -0.00524161
 -0.00437896   0.00502925     0.17027992   0.00000000     0.02707575  -0.00524161
 -0.02707575   0.00524161     0.02707575   0.00524161     0.35804487   0.00000000
    5    6
  0.09667292  -0.01109426    -0.00244787  -0.00590969    -0.02236455   0.02962582
 -0.00244787  -0.00590969    -0.07620290   0.06051325    -0.03676274  -0.00513450
 -0.02236455   0.02962582    -0.03676274  -0.00513450    -0.02600991  -0.06279347
    5    7
 -0.00229631   0.01786111    -0.00358093  -0.00642684     0.00797933   0.00378137
 -0.03605077  -0.00070564     0.00499021  -0.03362386     0.08998598  -0.05797246
  0.00479364  -0.01532788     0.13637821  -0.07592147     0.05406766  -0.01119758
    5    8
  0.03362386  -0.00499021     0.00070564   0.03605077    -0.05797246   0.08998598
  0.00642684   0.00358093    -0.01786111   0.00229631     0.00378137   0.00797933
 -0.07592147   0.13637821    -0.01532788   0.00479364     0.01119758  -0.05406766
    6    1
  0.00548173   0.01323406     0.04736496  -0.05298151     0.00776767   0.04155971
 -0.02389458  -0.03487972     0.01810834   0.05145529    -0.00601069  -0.01451108
  0.07095567   0.00397150    -0.00452273  -0.01091883     0.02357986   0.04918892
    6    2
 -0.01078542   0.01613885     0.08624947  -0.06766496    -0.00226258  -0.00112330
  0.00226258   0.00112330    -0.00139088  -0.02127086     0.02745132  -0.01054497
 -0.08624947   0.06766496    -0.00446251  -0.01653291    -0.00139088  -0.02127086
    6    3
  0.02127086   0.00139088    -0.00112330  -0.00226258    -0.01054497   0.02745132
  0.06766496  -0.08624947    -0.01613885   0.01078542    -0.00112330  -0.00226258
 -0.01653291  -0.00446251     0.06766496  -0.08624947     0.02127086   0.00139088
    6    4
  0.02357986   0.04918892    -0.00776767  -0.04155971     0.00601069   0.01451108
 -0.07095567  -0.00397150     0.00548173   0.01323406    -0.02389458  -0.03487972
  0.00452273   0.01091883     0.04736496  -0.05298151     0.01810834   0.05145529
    6    5
  0.09667292   0.01109426    -0.00244787   0.00590969    -0.02236455  -0.02962582
 -0.00244787   0.00590969    -0.07620290  -0.06051325    -0.03676274   0.00513450
 -0.02236455  -0.02962582    -0.03676274   0.00513450    -0.02600991   0.06279347
    6    6
  0.17027992   0.00000000    -0.00437896   0.00502925    -0.02707575   0.00524161
 -0.00437896  -0.00502925     0.17027992   0.00000000     0.02707575   0.00524161
 -0.02707575  -0.00524161     0.02707575  -0.00524161     0.35804487   0.00000000
    6    7
  0.01425344   0.01100598    -0.00201236  -0.00707656    -0.00296841   0.00831607
  0.02499278  -0.02599071    -0.02730427  -0.02024705    -0.10462241   0.02263698
 -0.01422806  -0.00744883    -0.15011855   0.04274937    -0.04614949   0.03031372
    6    8
  0.00499021  -0.03362386    -0.03605077  -0.00070564    -0.08998598   0.05797246
 -0.00358093  -0.00642684    -0.00229631   0.01786111    -0.00797933  -0.00378137
 -0.13637821   0.07592147    -0.00479364   0.01532788     0.05406766  -0.01119758
    7    1
 -0.02730427  -0.02024705    -0.15011855   0.04274937     0.00201236   0.00707656
 -0.10462241   0.02263698    -0.04614949   0.03031372     0.00296841  -0.00831607
 -0.02499278   0.02599071     0.01422806   0.00744883     0.01425344   0.01100598
    7    2
  0.00499021  -0.03362386     0.13637821  -0.07592147     0.00358093   0.00642684
  0.08998598  -0.05797246     0.05406766  -0.01119758    -0.00797933  -0.00378137
  0.03605077   0.00070564    -0.00479364   0.01532788    -0.00229631   0.01786111
    7    3
  0.05406766  -0.01119758    -0.00797933  -0.00378137    -0.08998598   0.05797246
 -0.00479364   0.01532788    -0.00229631   0.01786111    -0.03605077  -0.00070564
 -0.13637821   0.07592147    -0.00358093  -0.00642684     0.00499021  -0.03362386
    7    4
 -0.04614949   0.03031372     0.00296841  -0.00831607     0.10462241  -0.02263698
  0.01422806   0.00744883     0.01425344   0.01100598     0.02499278  -0.02599071
  0.15011855  -0.04274937    -0.00201236  -0.00707656    -0.02730427  -0.02024705
    7    5
 -0.00229631  -0.01786111    -0.03605077   0.00070564     0.00479364   0.01532788
 -0.00358093   0.00642684     0.00499021   0.03362386     0.13637821   0.07592147
  0.00797933  -0.00378137     0.08998598   0.05797246     0.05406766   0.01119758
    7    6
  0.01425344  -0.01100598     0.02499278   0.02599071    -0.01422806   0.00744883
 -0.00201236   0.00707656    -0.02730427   0.02024705    -0.15011855  -0.04274937
 -0.00296841  -0.00831607    -0.10462241  -0.02263698    -0.04614949  -0.03031372
    7    7
  0.31652335   0.00000000     0.04773470   0.00000000    -0.04773470   0.00000000
  0.04773470   0.00000000     0.31652335   0.00000000     0.04773470   0.00000000
 -0.04773470   0.00000000     0.04773470   0.00000000     0.31652335   0.00000000
    7    8
 -0.00955589  -0.02306997    -0.00427454  -0.01031966    -0.00105938  -0.00255756
  0.00105938   0.00255756    -0.00955589  -0.02306997    -0.00427454  -0.01031966
  0.00427454   0.01031966     0.00105938   0.00255756    -0.00955589  -0.02306997
    8    1
  0.01425344  -0.01100598     0.01422806  -0.00744883    -0.02499278  -0.02599071
  0.00296841   0.00831607    -0.04614949  -0.03031372    -0.10462241  -0.02263698
  0.00201236  -0.00707656    -0.15011855  -0.04274937    -0.02730427   0.02024705
    8    2
  0.01425344   0.01100598     0.01422806   0.00744883    -0.02499278   0.02599071
  0.00296841  -0.00831607    -0.04614949   0.03031372    -0.10462241   0.02263698
  0.00201236   0.00707656    -0.15011855   0.04274937    -0.02730427  -0.02024705
    8    3
 -0.04614949   0.03031372    -0.10462241   0.02263698    -0.00296841   0.00831607
 -0.15011855   0.04274937    -0.02730427  -0.02024705    -0.00201236  -0.00707656
 -0.01422806  -0.00744883     0.02499278  -0.02599071     0.01425344   0.01100598
    8    4
 -0.04614949  -0.03031372    -0.10462241  -0.02263698    -0.00296841  -0.00831607
 -0.15011855  -0.04274937    -0.02730427   0.02024705    -0.00201236   0.00707656
 -0.01422806   0.00744883     0.02499278   0.02599071     0.01425344  -0.01100598
    8    5
  0.03362386   0.00499021     0.00642684  -0.00358093    -0.07592147  -0.13637821
  0.00070564  -0.03605077    -0.01786111  -0.00229631    -0.01532788  -0.00479364
 -0.05797246  -0.08998598     0.00378137  -0.00797933     0.01119758   0.05406766
    8    6
  0.00499021   0.03362386    -0.00358093   0.00642684    -0.13637821  -0.07592147
 -0.03605077   0.00070564    -0.00229631  -0.01786111    -0.00479364  -0.01532788
 -0.08998598  -0.05797246    -0.00797933   0.00378137     0.05406766   0.01119758
    8    7
 -0.00955589   0.02306997     0.00105938  -0.00255756     0.00427454  -0.01031966
 -0.00427454   0.01031966    -0.00955589   0.02306997     0.00105938  -0.00255756
 -0.00105938   0.00255756    -0.00427454   0.01031966    -0.00955589   0.02306997
    8    8
  0.31652335   0.00000000     0.04773470   0.00000000    -0.04773470   0.00000000
  0.04773470   0.00000000     0.31652335   0.00000000     0.04773470   0.00000000
 -0.04773470   0.00000000     0.04773470   0.00000000     0.31652335   0.00000000

     Dynamical  Matrix in cartesian axes

     q = (   -0.375000000   0.375000000   0.375000000 ) 

    1    1
  0.17027992   0.00000000     0.02707575   0.00524161    -0.00437896  -0.00502925
  0.02707575  -0.00524161     0.35804487   0.00000000    -0.02707575  -0.00524161
 -0.00437896   0.00502925    -0.02707575   0.00524161     0.17027992   0.00000000
    1    2
 -0.07620290  -0.06051325    -0.03676274   0.00513450    -0.00244787   0.00590969
 -0.03676274   0.00513450    -0.02600991   0.06279347    -0.02236455  -0.02962582
 -0.00244787   0.00590969    -0.02236455  -0.02962582     0.09667292   0.01109426
    1    3
  0.01810834   0.05145529    -0.00601069  -0.01451108    -0.02389458  -0.03487972
 -0.00452273  -0.01091883     0.02357986   0.04918892     0.07095567   0.00397150
  0.04736496  -0.05298151     0.00776767   0.04155971     0.00548173   0.01323406
    1    4
 -0.00139088  -0.02127086     0.02745132  -0.01054497     0.00226258   0.00112330
 -0.00446251  -0.01653291    -0.00139088  -0.02127086    -0.08624947   0.06766496
  0.08624947  -0.06766496    -0.00226258  -0.00112330    -0.01078542   0.01613885
    1    5
  0.00548173   0.01323406    -0.02389458  -0.03487972    -0.07095567  -0.00397150
  0.04736496  -0.05298151     0.01810834   0.05145529     0.00452273   0.01091883
 -0.00776767  -0.04155971     0.00601069   0.01451108     0.02357986   0.04918892
    1    6
 -0.01613885   0.01078542    -0.00112330  -0.00226258     0.06766496  -0.08624947
  0.06766496  -0.08624947     0.02127086   0.00139088    -0.01653291  -0.00446251
 -0.00112330  -0.00226258    -0.01054497   0.02745132     0.02127086   0.00139088
    1    7
 -0.02730427  -0.02024705    -0.10462241   0.02263698     0.02499278  -0.02599071
 -0.15011855   0.04274937    -0.04614949   0.03031372    -0.01422806  -0.00744883
 -0.00201236  -0.00707656    -0.00296841   0.00831607     0.01425344   0.01100598
    1    8
 -0.00229631   0.01786111    -0.00797933  -0.00378137    -0.00358093  -0.00642684
 -0.00479364   0.01532788     0.05406766  -0.01119758    -0.13637821   0.07592147
 -0.03605077  -0.00070564    -0.08998598   0.05797246     0.00499021  -0.03362386
    2    1
 -0.07620290   0.06051325    -0.03676274  -0.00513450    -0.00244787  -0.00590969
 -0.03676274  -0.00513450    -0.02600991  -0.06279347    -0.02236455   0.02962582
 -0.00244787  -0.00590969    -0.02236455   0.02962582     0.09667292  -0.01109426
    2    2
  0.17027992   0.00000000     0.02707575  -0.00524161    -0.00437896   0.00502925
  0.02707575   0.00524161     0.35804487   0.00000000    -0.02707575   0.00524161
 -0.00437896  -0.00502925    -0.02707575  -0.00524161     0.17027992   0.00000000
    2    3
  0.02127086   0.00139088     0.01054497  -0.02745132    -0.00112330  -0.00226258
  0.01653291   0.00446251     0.02127086   0.00139088    -0.06766496   0.08624947
  0.06766496  -0.08624947     0.00112330   0.00226258    -0.01613885   0.01078542
    2    4
 -0.05145529  -0.01810834     0.01451108   0.00601069     0.03487972   0.02389458
  0.01091883   0.00452273    -0.04918892  -0.02357986    -0.00397150  -0.07095567
  0.05298151  -0.04736496    -0.04155971  -0.00776767    -0.01323406  -0.00548173
    2    5
 -0.01078542   0.01613885     0.00226258   0.00112330     0.08624947  -0.06766496
  0.08624947  -0.06766496    -0.00139088  -0.02127086     0.00446251   0.01653291
  0.00226258   0.00112330    -0.02745132   0.01054497    -0.00139088  -0.02127086
    2    6
 -0.01323406  -0.00548173     0.03487972   0.02389458     0.00397150   0.07095567
  0.05298151  -0.04736496    -0.05145529  -0.01810834    -0.01091883  -0.00452273
  0.04155971   0.00776767    -0.01451108  -0.00601069    -0.04918892  -0.02357986
    2    7
  0.00499021  -0.03362386     0.08998598  -0.05797246    -0.03605077  -0.00070564
  0.13637821  -0.07592147     0.05406766  -0.01119758     0.00479364  -0.01532788
 -0.00358093  -0.00642684     0.00797933   0.00378137    -0.00229631   0.01786111
    2    8
 -0.01786111   0.00229631     0.00378137   0.00797933     0.00642684   0.00358093
 -0.01532788   0.00479364     0.01119758  -0.05406766    -0.07592147   0.13637821
  0.00070564   0.03605077    -0.05797246   0.08998598     0.03362386  -0.00499021
    3    1
  0.01810834  -0.05145529    -0.00452273   0.01091883     0.04736496   0.05298151
 -0.00601069   0.01451108     0.02357986  -0.04918892     0.00776767  -0.04155971
 -0.02389458   0.03487972     0.07095567  -0.00397150     0.00548173  -0.01323406
    3    2
  0.02127086  -0.00139088     0.01653291  -0.00446251     0.06766496   0.08624947
  0.01054497   0.02745132     0.02127086  -0.00139088     0.00112330  -0.00226258
 -0.00112330   0.00226258    -0.06766496  -0.08624947    -0.01613885  -0.01078542
    3    3
  0.35804487   0.00000000     0.02707575  -0.00524161     0.02707575   0.00524161
  0.02707575   0.00524161     0.17027992   0.00000000     0.00437896   0.00502925
  0.02707575  -0.00524161     0.00437896  -0.00502925     0.17027992   0.00000000
    3    4
 -0.02600991  -0.06279347     0.02236455  -0.02962582    -0.03676274  -0.00513450
  0.02236455  -0.02962582     0.09667292  -0.01109426     0.00244787   0.00590969
 -0.03676274  -0.00513450     0.00244787   0.00590969    -0.07620290   0.06051325
    3    5
 -0.01405727  -0.01602427    -0.10883394   0.01314124    -0.00853506  -0.01484601
 -0.00080560   0.00239418     0.01903833   0.00378545     0.10883394  -0.01314124
 -0.02686743   0.01195460     0.00080560  -0.00239418    -0.01405727  -0.01602427
    3    6
  0.01810834   0.05145529     0.04736496  -0.05298151    -0.00452273  -0.01091883
 -0.02389458  -0.03487972     0.00548173   0.01323406     0.07095567   0.00397150
 -0.00601069  -0.01451108     0.00776767   0.04155971     0.02357986   0.04918892
    3    7
 -0.04614949  -0.03031372     0.01422806  -0.00744883    -0.15011855  -0.04274937
  0.00296841   0.00831607     0.01425344  -0.01100598     0.00201236  -0.00707656
 -0.10462241  -0.02263698    -0.02499278  -0.02599071    -0.02730427   0.02024705
    3    8
 -0.04614949   0.03031372    -0.15011855   0.04274937     0.01422806   0.00744883
